100
1.8168242
1.4872704
0.6725194
0.42428315
1.5632483
1.2220671
1.0256622
1.6075664
0.7603481
1.6443201
0.6438051
0.8025492
1.047329
1.7330576
0.4325261
1.1878179
1.3011808
0.7828943
1.1905887
0.49100024
0.3512292
1.5655864
0.9524165
0.7836351
0.7910236
1.302567
1.0886526
1.1337006
0.75386274
0.3466729
0.9850891
0.47206652
1.007717
0.3611365
0.89553994
1.186115
0.66560316
0.17693013
0.43657684
1.204689
1.0288533
0.46626115
1.1975615
0.8795902
1.0425164
1.8145937
1.0664903
0.7760533
1.22328
0.63167965
0.61682445
0.87823737
1.0914834
0.3592571
0.64750206
1.2232256
1.8287723
0.6564324
0.57680196
0.7751474
0.5325267
1.3176187
1.0833967
1.0141969
1.2835183
1.2499831
1.3880712
0.1846751
1.3117648
0.38243085
0.27934474
0.5633635
0.9272327
1.208472
0.8821118
1.0304582
0.9932084
1.3611298
0.32690609
1.6208119
1.1308966
1.2902656
1.3355122
0.76782
0.7039193
1.4751344
1.0026112
1.1813647
0.9644856
1.3524888
1.4442109
1.1059793
1.0460751
0.5317506
0.9838664
0.30577838
0.5871064
0.31206137
1.1724933
0.92209804]