100
0.91468626
0.9161235
0.27035522
0.08659065
0.94385105
0.7531064
0.4681779
0.9801555
0.19620621
0.9849262
0.3067366
0.07044798
0.55577517
0.9690362
0.11597651
0.78813225
0.58169466
0.24728686
0.64195925
0.08082509
0.14320052
0.648932
0.75461566
0.33712047
0.17223477
0.71526754
0.8313496
0.25395662
0.7183758
0.27920753
0.7413903
0.42778444
0.6207626
0.047588885
0.58823353
0.86847097
0.27296543
0.09243184
0.39667964
0.94613993
0.86444956
0.13298249
0.3952527
0.3966546
0.7759871
0.844583
0.92857337
0.3946455
0.44585097
0.47361088
0.09910774
0.11427915
0.57764095
0.19767737
0.563586
0.43658704
0.85210896
0.10837293
0.374484
0.24910629
0.10670173
0.41112053
0.7342577
0.20347989
0.29629993
0.32397884
0.50732595
0.11755288
0.711248
0.22896326
0.1564771
0.5124617
0.28333187
0.57230586
0.25312483
0.78848296
0.7695523
0.83985555
0.1143561
0.6705809
0.37037432
0.7472418
0.97871006
0.5073864
0.12122446
0.69108754
0.76472956
0.6171084
0.05065179
0.5279894
0.5058805
0.3996626
0.27508336
0.41810507
0.8251538
0.1682297
0.23594093
0.28379077
0.7600028
0.91841906]