100
0.9021379
0.57114685
0.40216416
0.3376925
0.6193972
0.46896076
0.5574843
0.62741077
0.56414187
0.6593939
0.3370685
0.7321012
0.49155372
0.7640214
0.3165496
0.39968568
0.7194861
0.53560746
0.54862946
0.41017514
0.20802867
0.91665447
0.19780082
0.4465146
0.61878884
0.5872995
0.25730306
0.87974393
0.035486937
0.067465365
0.24369884
0.04428208
0.38695443
0.3135476
0.3073064
0.31764406
0.39263773
0.084498286
0.039897203
0.25854915
0.16440374
0.33327866
0.80230886
0.4829356
0.26652926
0.9700107
0.13791692
0.3814078
0.77742904
0.15806878
0.5177167
0.7639582
0.51384234
0.16157973
0.08391607
0.7866386
0.97666335
0.54805946
0.20231795
0.5260411
0.42582494
0.9064982
0.34913892
0.8107169
0.9872183
0.92600423
0.88074523
0.06712222
0.60051686
0.1534676
0.122867644
0.05090177
0.6439008
0.6361662
0.62898695
0.24197531
0.22365612
0.52127415
0.21254998
0.95023096
0.7605223
0.5430237
0.35680205
0.2604336
0.5826948
0.7840469
0.23788166
0.56425625
0.9138338
0.8244994
0.9383304
0.7063167
0.7709917
0.11364555
0.15871257
0.13754869
0.35116547
0.028270602
0.41249055
0.0036789775]